0.38905324757295096
sigma= 135.55025590223175
gamma= 9.990000000000001e-06